[Red]
mean_of_mean = 133.36697247706422
std_of_mean = 36.6455859599053
mean_of_std = 52.47094801223242
std_of_std = 15.239722962770903

[Green]
mean_of_mean = 120.78593272171254
std_of_mean = 35.03187780667973
mean_of_std = 46.91131498470948
std_of_std = 13.730747225542121

[Blue]
mean_of_mean = 105.91743119266054
std_of_mean = 32.4956252356571
mean_of_std = 42.93577981651376
std_of_std = 12.394589351285232

