[Red]
mean_of_means = 153.99648135116115
std_of_means = 36.38931510249901
mean_of_stds = 46.00351864883885
std_of_stds = 14.817847389937173

[Green]
mean_of_means = 137.5341308937368
std_of_means = 33.72519647542292
mean_of_stds = 40.98944405348346
std_of_stds = 13.044039561940039

[Blue]
mean_of_means = 119.7121745249824
std_of_means = 31.102464872879395
mean_of_stds = 37.13441238564391
std_of_stds = 11.228273327193424

