[Red]
mean_of_means = 139.1801242236025
std_of_means = 35.70112098710797
mean_of_stds = 47.32298136645963
std_of_stds = 14.761290019402773

[Green]
mean_of_means = 114.19875776397515
std_of_means = 36.48837471222964
mean_of_stds = 41.75776397515528
std_of_stds = 14.471980379968917

[Blue]
mean_of_means = 89.0807453416149
std_of_means = 34.12490304953434
mean_of_stds = 34.24844720496895
std_of_stds = 14.739995472622336

